T:1607579211.949674
~~~
T:1607579212.1306329
