T:1607580291.014199
~~~
T:1607580291.383899














































































