T:1607580098.92459
~~~
T:1607580101.266436














































































