T:1607580089.1963131
~~~
T:1607580089.5096698














































































