T:1607580291.387701
~~~
T:1607580293.0460029














































































